100 100
200
0 0
0 1
0 3
0 7
0 8
0 9
0 26
0 29
0 35
0 47
0 55
0 62
0 63
0 66
0 72
0 79
0 81
0 87
0 91
0 99
1 7
1 19
1 24
1 31
1 33
1 36
1 47
1 53
1 54
1 55
1 59
1 76
1 78
1 80
1 86
1 88
1 91
1 96
1 97
1 99
2 0
2 1
2 15
2 17
2 31
2 57
2 60
2 66
2 81
2 83
2 93
3 3
3 12
3 13
3 19
3 24
3 26
3 28
3 30
3 31
3 36
3 44
3 47
3 54
3 70
3 74
3 80
3 81
4 2
4 11
4 20
4 26
4 28
4 29
4 42
4 44
4 50
4 52
4 58
4 59
4 63
4 65
4 69
4 70
4 72
4 81
4 85
4 88
4 92
4 96
4 98
4 99
5 0
5 10
5 11
5 21
5 27
5 31
5 33
5 36
5 40
5 48
5 49
5 62
5 63
5 71
5 74
5 75
5 76
5 79
5 81
5 88
5 90
5 93
5 95
5 96
6 6
6 7
6 13
6 21
6 37
6 38
6 41
6 43
6 49
6 54
6 56
6 73
6 74
6 85
6 89
6 90
6 92
6 94
7 4
7 10
7 15
7 19
7 23
7 24
7 26
7 27
7 34
7 37
7 41
7 43
7 44
7 56
7 59
7 61
7 66
7 71
7 78
7 84
7 85
7 93
8 3
8 4
8 5
8 7
8 12
8 15
8 17
8 24
8 27
8 32
8 46
8 52
8 61
8 65
8 69
8 73
8 74
8 77
8 84
8 91
8 94
8 96
9 8
9 15
9 23
9 28
9 34
9 36
9 37
9 40
9 46
9 47
9 53
9 61
9 64
9 65
9 66
9 71
9 74
9 75
9 87
9 95
9 97
10 4
10 7
10 9
10 13
10 18
10 21
10 28
10 29
10 34
10 36
10 37
10 40
10 49
10 51
10 52
10 66
10 77
10 78
10 84
10 87
10 92
11 3
11 4
11 6
11 18
11 21
11 31
11 32
11 34
11 41
11 44
11 49
11 50
11 58
11 64
11 65
11 66
11 67
11 82
11 85
11 91
12 15
12 17
12 20
12 21
12 29
12 32
12 36
12 38
12 40
12 44
12 48
12 49
12 52
12 53
12 54
12 57
12 65
12 70
12 93
12 97
13 4
13 19
13 20
13 22
13 25
13 27
13 31
13 33
13 34
13 37
13 54
13 57
13 59
13 73
13 81
13 88
13 94
13 96
13 98
14 0
14 2
14 4
14 5
14 30
14 34
14 40
14 41
14 45
14 46
14 52
14 54
14 59
14 63
14 66
14 71
14 82
14 83
14 94
15 4
15 9
15 11
15 12
15 16
15 24
15 35
15 46
15 50
15 51
15 61
15 62
15 70
15 72
15 88
16 3
16 6
16 10
16 11
16 12
16 13
16 20
16 35
16 40
16 48
16 56
16 58
16 60
16 62
16 66
16 82
16 83
17 2
17 8
17 10
17 13
17 15
17 19
17 21
17 31
17 37
17 47
17 50
17 52
17 59
17 60
17 61
17 65
17 74
17 75
17 80
17 81
17 82
17 88
17 95
18 4
18 6
18 7
18 18
18 19
18 22
18 32
18 35
18 36
18 37
18 48
18 54
18 56
18 70
18 76
18 77
18 78
18 84
18 99
19 11
19 13
19 15
19 16
19 23
19 27
19 34
19 37
19 43
19 71
19 75
19 80
19 82
19 90
19 94
19 96
20 2
20 5
20 14
20 18
20 20
20 35
20 36
20 37
20 39
20 44
20 48
20 51
20 54
20 65
20 77
20 80
20 82
20 96
21 0
21 5
21 12
21 15
21 16
21 25
21 26
21 49
21 56
21 68
21 70
21 72
21 74
21 94
22 0
22 9
22 12
22 22
22 26
22 31
22 34
22 37
22 52
22 54
22 62
22 64
22 72
22 81
22 83
22 86
22 89
23 3
23 13
23 16
23 18
23 20
23 30
23 36
23 37
23 41
23 45
23 46
23 49
23 51
23 53
23 54
23 56
23 65
23 69
23 83
23 85
23 88
23 98
24 0
24 2
24 4
24 15
24 22
24 23
24 30
24 34
24 35
24 36
24 42
24 44
24 48
24 50
24 52
24 54
24 58
24 61
24 68
24 72
24 74
24 75
24 77
24 78
24 98
25 17
25 18
25 20
25 21
25 25
25 29
25 30
25 38
25 47
25 75
25 80
25 82
25 96
25 98
26 0
26 3
26 8
26 14
26 19
26 24
26 30
26 33
26 41
26 44
26 55
26 58
26 60
26 66
26 74
26 84
26 85
26 97
26 98
27 4
27 6
27 7
27 18
27 24
27 29
27 33
27 35
27 38
27 64
27 65
27 72
27 73
27 79
27 82
27 91
27 95
27 97
28 1
28 6
28 9
28 14
28 16
28 25
28 32
28 33
28 38
28 49
28 56
28 63
28 67
28 68
28 69
28 76
28 78
28 79
28 96
29 3
29 7
29 8
29 11
29 20
29 26
29 28
29 43
29 46
29 49
29 61
29 69
29 76
29 78
29 83
29 86
29 89
29 96
30 11
30 12
30 13
30 17
30 29
30 30
30 31
30 32
30 43
30 44
30 46
30 50
30 51
30 53
30 59
30 60
30 65
30 68
30 70
30 75
30 83
30 91
30 95
30 96
31 3
31 9
31 14
31 16
31 17
31 21
31 24
31 38
31 43
31 44
31 53
31 54
31 57
31 70
31 73
31 85
31 87
31 88
31 97
32 0
32 7
32 9
32 11
32 28
32 32
32 35
32 39
32 46
32 52
32 54
32 59
32 68
32 71
32 75
32 81
32 87
32 90
33 6
33 9
33 14
33 26
33 29
33 30
33 33
33 47
33 61
33 65
33 75
33 77
33 85
33 93
34 0
34 2
34 4
34 6
34 13
34 15
34 32
34 56
34 61
34 67
34 71
34 76
34 80
34 82
34 88
34 93
34 95
34 99
35 2
35 13
35 28
35 32
35 35
35 37
35 38
35 50
35 56
35 62
35 64
35 68
35 69
35 71
35 72
35 77
35 78
35 79
35 81
35 93
36 0
36 2
36 6
36 11
36 12
36 13
36 14
36 17
36 20
36 23
36 24
36 26
36 31
36 45
36 48
36 53
36 57
36 60
36 64
36 67
36 69
36 70
36 73
36 74
36 81
36 87
36 89
36 97
37 8
37 10
37 19
37 23
37 27
37 29
37 46
37 50
37 51
37 52
37 54
37 55
37 56
37 64
37 68
37 70
37 73
37 78
37 81
37 85
37 90
37 92
37 98
38 6
38 7
38 9
38 13
38 20
38 25
38 26
38 29
38 34
38 45
38 46
38 47
38 48
38 55
38 56
38 68
38 75
38 79
38 82
38 84
38 87
38 96
38 97
38 99
39 1
39 3
39 6
39 15
39 18
39 20
39 21
39 22
39 26
39 28
39 29
39 30
39 33
39 46
39 48
39 51
39 52
39 53
39 57
39 59
39 63
39 67
39 77
39 79
39 88
39 97
40 0
40 6
40 7
40 13
40 17
40 19
40 21
40 22
40 23
40 33
40 39
40 40
40 41
40 43
40 45
40 46
40 51
40 56
40 61
40 63
40 74
40 79
40 82
40 93
41 1
41 2
41 11
41 13
41 16
41 22
41 25
41 26
41 34
41 37
41 38
41 44
41 46
41 49
41 52
41 55
41 56
41 60
41 65
41 67
41 75
41 76
41 77
41 79
41 89
42 0
42 7
42 12
42 15
42 24
42 34
42 39
42 41
42 45
42 46
42 48
42 52
42 59
42 64
42 69
42 74
42 82
42 90
43 1
43 5
43 7
43 9
43 11
43 20
43 23
43 28
43 32
43 36
43 38
43 43
43 48
43 62
43 63
43 64
43 79
43 87
43 90
43 92
43 93
44 5
44 8
44 18
44 20
44 29
44 44
44 45
44 48
44 51
44 54
44 59
44 70
44 72
44 75
44 77
44 80
44 81
44 87
44 88
44 92
44 93
45 8
45 12
45 13
45 15
45 17
45 20
45 23
45 24
45 28
45 29
45 31
45 33
45 35
45 39
45 51
45 53
45 69
45 70
45 86
45 89
45 92
45 99
46 0
46 5
46 6
46 22
46 24
46 26
46 39
46 42
46 54
46 57
46 58
46 65
46 77
46 78
46 80
46 87
46 88
47 7
47 21
47 31
47 33
47 34
47 41
47 42
47 43
47 50
47 53
47 55
47 56
47 57
47 67
47 72
47 73
47 80
47 86
47 88
47 97
48 6
48 9
48 21
48 23
48 27
48 28
48 29
48 31
48 33
48 35
48 36
48 43
48 45
48 50
48 51
48 62
48 64
48 65
48 69
48 79
48 80
48 86
48 90
49 10
49 17
49 23
49 24
49 27
49 32
49 36
49 37
49 46
49 55
49 58
49 59
49 64
49 67
49 73
49 74
49 75
49 76
49 77
49 81
49 83
49 85
49 87
50 2
50 7
50 9
50 22
50 23
50 24
50 26
50 31
50 35
50 41
50 43
50 46
50 53
50 56
50 58
50 62
50 67
50 69
50 75
50 76
50 78
50 84
50 95
50 99
51 17
51 19
51 20
51 24
51 27
51 29
51 37
51 49
51 51
51 53
51 56
51 57
51 63
51 71
51 82
51 83
51 84
51 85
51 86
51 87
51 90
52 17
52 20
52 22
52 25
52 36
52 40
52 41
52 44
52 46
52 51
52 57
52 62
52 76
52 83
52 86
52 88
52 89
52 93
53 0
53 9
53 10
53 13
53 15
53 18
53 20
53 23
53 37
53 52
53 53
53 60
53 72
53 77
53 79
53 82
53 85
53 86
53 96
53 98
54 3
54 9
54 19
54 21
54 27
54 31
54 43
54 44
54 50
54 51
54 55
54 59
54 66
54 70
54 73
54 75
54 86
54 90
54 91
54 98
55 20
55 21
55 22
55 26
55 27
55 31
55 40
55 44
55 47
55 50
55 56
55 57
55 61
55 65
55 68
55 72
55 74
55 77
55 80
55 82
55 85
55 87
55 99
56 0
56 3
56 7
56 9
56 15
56 17
56 20
56 21
56 22
56 33
56 46
56 52
56 53
56 71
56 73
56 79
56 80
56 84
56 85
56 90
56 96
56 99
57 1
57 10
57 16
57 17
57 19
57 25
57 34
57 39
57 40
57 44
57 47
57 49
57 52
57 56
57 63
57 73
57 78
57 82
57 84
57 99
58 2
58 15
58 24
58 41
58 42
58 43
58 45
58 53
58 64
58 68
58 71
58 81
58 84
58 87
58 91
58 93
58 94
58 95
58 96
58 98
59 0
59 5
59 11
59 17
59 18
59 21
59 23
59 24
59 25
59 26
59 27
59 32
59 34
59 45
59 51
59 53
59 61
59 63
59 64
59 69
59 74
59 76
59 77
59 86
59 87
59 88
59 89
59 93
59 99
60 12
60 27
60 31
60 33
60 41
60 45
60 46
60 66
60 68
60 72
60 86
60 91
60 94
61 4
61 8
61 12
61 16
61 24
61 33
61 39
61 47
61 50
61 53
61 59
61 68
61 70
61 71
61 72
61 74
61 78
61 91
61 97
62 7
62 9
62 11
62 20
62 21
62 25
62 28
62 44
62 48
62 51
62 59
62 62
62 72
62 74
62 82
62 83
62 84
62 85
62 89
63 3
63 8
63 20
63 23
63 36
63 48
63 59
63 61
63 63
63 68
63 70
63 72
63 83
63 96
63 97
64 0
64 1
64 6
64 10
64 29
64 30
64 31
64 34
64 42
64 43
64 46
64 54
64 56
64 59
64 60
64 61
64 63
64 65
64 66
64 71
64 78
64 81
64 94
64 99
65 0
65 6
65 10
65 13
65 15
65 21
65 25
65 27
65 30
65 31
65 44
65 50
65 57
65 59
65 62
65 75
65 77
65 78
65 79
65 86
65 89
65 96
65 99
66 0
66 2
66 8
66 20
66 21
66 27
66 29
66 30
66 31
66 39
66 40
66 42
66 53
66 60
66 67
66 72
66 73
66 74
66 80
66 88
66 93
66 97
66 99
67 0
67 4
67 10
67 23
67 26
67 30
67 33
67 46
67 49
67 56
67 68
67 73
67 78
67 79
67 82
67 89
68 8
68 11
68 15
68 16
68 20
68 25
68 30
68 33
68 40
68 48
68 65
68 67
68 82
68 86
68 89
68 93
68 96
69 0
69 1
69 7
69 10
69 12
69 18
69 33
69 36
69 53
69 55
69 58
69 64
69 68
69 71
69 74
69 75
69 77
69 84
69 93
69 94
69 95
69 97
70 6
70 9
70 18
70 23
70 31
70 33
70 38
70 45
70 49
70 51
70 54
70 60
70 61
70 70
70 72
70 73
70 78
70 85
71 5
71 6
71 15
71 30
71 35
71 41
71 47
71 55
71 57
71 58
71 62
71 70
71 71
71 75
71 85
71 91
71 92
71 93
71 96
71 98
72 2
72 6
72 14
72 16
72 17
72 22
72 25
72 30
72 41
72 42
72 45
72 46
72 49
72 62
72 89
72 96
73 0
73 2
73 8
73 11
73 16
73 17
73 19
73 23
73 24
73 27
73 32
73 33
73 34
73 37
73 41
73 43
73 48
73 62
73 63
73 67
73 74
73 76
73 82
73 88
73 91
73 95
74 7
74 13
74 21
74 24
74 29
74 37
74 47
74 48
74 60
74 82
74 83
74 89
75 6
75 15
75 18
75 27
75 28
75 38
75 40
75 42
75 46
75 48
75 63
75 68
75 69
75 76
75 82
75 93
76 23
76 40
76 49
76 50
76 51
76 52
76 55
76 60
76 62
76 71
76 73
76 74
76 76
76 77
76 79
76 84
76 87
76 93
76 99
77 0
77 12
77 16
77 26
77 27
77 28
77 30
77 40
77 43
77 44
77 52
77 55
77 60
77 61
77 71
77 73
77 75
77 83
77 95
78 8
78 17
78 30
78 42
78 59
78 64
78 72
78 73
78 74
78 94
78 97
78 98
79 6
79 13
79 18
79 35
79 39
79 53
79 55
79 56
79 59
79 72
79 76
80 1
80 2
80 16
80 19
80 20
80 22
80 24
80 27
80 32
80 39
80 40
80 41
80 45
80 46
80 49
80 54
80 57
80 58
80 60
80 72
80 82
80 84
80 85
80 91
81 1
81 21
81 22
81 30
81 33
81 44
81 65
81 69
81 74
81 80
81 82
81 86
81 92
81 95
82 6
82 10
82 11
82 23
82 27
82 30
82 31
82 38
82 41
82 42
82 50
82 53
82 64
82 71
82 76
82 81
82 93
82 95
83 0
83 4
83 8
83 12
83 13
83 14
83 16
83 19
83 21
83 22
83 28
83 34
83 42
83 53
83 54
83 55
83 60
83 66
83 69
83 74
83 76
83 78
83 79
83 85
83 86
83 94
84 14
84 17
84 27
84 31
84 35
84 41
84 46
84 47
84 50
84 51
84 59
84 60
84 64
84 77
84 86
84 91
84 92
84 93
84 96
85 0
85 7
85 11
85 15
85 29
85 34
85 37
85 47
85 56
85 57
85 60
85 62
85 67
85 80
85 91
85 95
86 17
86 21
86 41
86 45
86 51
86 75
86 79
86 80
86 81
86 82
86 83
86 87
86 88
87 4
87 5
87 29
87 41
87 45
87 49
87 51
87 53
87 66
87 70
87 77
87 84
87 94
88 2
88 11
88 15
88 18
88 22
88 24
88 27
88 35
88 41
88 48
88 50
88 54
88 57
88 61
88 62
88 63
88 68
88 73
88 76
88 81
88 91
88 94
89 4
89 5
89 9
89 11
89 15
89 19
89 27
89 32
89 41
89 49
89 51
89 56
89 59
89 62
89 63
89 66
89 78
89 80
89 84
89 87
89 98
90 1
90 2
90 3
90 4
90 8
90 12
90 24
90 32
90 36
90 41
90 42
90 43
90 47
90 50
90 54
90 59
90 63
90 71
90 86
90 91
90 95
90 96
90 98
90 99
91 2
91 14
91 15
91 19
91 25
91 28
91 30
91 31
91 39
91 42
91 43
91 55
91 74
91 79
91 87
91 91
91 97
91 98
92 4
92 6
92 13
92 15
92 29
92 33
92 36
92 38
92 40
92 42
92 46
92 47
92 54
92 56
92 57
92 58
92 65
92 83
92 87
92 94
92 97
93 2
93 4
93 5
93 6
93 8
93 12
93 13
93 18
93 19
93 22
93 23
93 26
93 38
93 46
93 48
93 54
93 57
93 60
93 61
93 65
93 67
93 70
93 75
93 77
93 80
93 84
93 86
93 87
93 89
93 94
94 2
94 4
94 20
94 22
94 28
94 37
94 38
94 50
94 51
94 55
94 67
94 68
94 72
94 75
94 77
94 78
94 83
94 93
94 94
94 99
95 5
95 19
95 26
95 44
95 49
95 50
95 52
95 56
95 57
95 59
95 60
95 64
95 72
95 75
95 76
95 77
95 78
95 84
95 86
95 90
96 3
96 5
96 8
96 15
96 17
96 20
96 35
96 39
96 40
96 46
96 48
96 55
96 60
96 81
96 84
96 88
96 92
96 99
97 4
97 5
97 14
97 17
97 20
97 21
97 27
97 30
97 31
97 32
97 33
97 34
97 41
97 45
97 67
97 75
97 76
97 77
97 82
97 92
97 98
98 3
98 11
98 20
98 21
98 26
98 35
98 38
98 42
98 45
98 49
98 51
98 53
98 56
98 61
98 64
98 68
98 69
98 73
98 75
98 77
98 82
98 91
98 93
98 97
98 99
99 1
99 11
99 16
99 17
99 31
99 41
99 46
99 49
99 60
99 66
99 73
99 77
99 79
99 83
99 87
99 91