100 100
200
0 8
0 10
0 12
0 16
0 17
0 19
0 22
0 25
0 26
0 36
0 40
0 43
0 56
0 57
0 62
0 67
0 70
0 85
0 92
0 94
0 97
1 1
1 2
1 3
1 9
1 17
1 19
1 24
1 25
1 28
1 46
1 50
1 54
1 58
1 68
1 72
1 77
1 80
1 83
1 86
1 97
1 99
2 6
2 14
2 24
2 25
2 26
2 33
2 37
2 39
2 44
2 47
2 49
2 54
2 56
2 59
2 60
2 65
2 79
2 85
2 88
2 95
2 96
3 9
3 12
3 23
3 31
3 38
3 39
3 44
3 45
3 47
3 50
3 53
3 58
3 60
3 65
3 70
3 76
3 81
3 84
3 85
3 91
3 92
3 94
3 95
3 96
3 98
4 0
4 1
4 5
4 11
4 13
4 15
4 17
4 26
4 30
4 34
4 35
4 38
4 39
4 43
4 44
4 55
4 57
4 65
4 66
4 67
4 74
4 96
4 97
4 98
5 1
5 5
5 6
5 9
5 21
5 22
5 29
5 31
5 33
5 39
5 41
5 42
5 46
5 55
5 66
5 67
5 72
5 74
5 89
5 93
5 94
6 1
6 9
6 30
6 35
6 41
6 61
6 70
6 80
6 89
6 92
6 95
7 0
7 1
7 2
7 7
7 13
7 14
7 15
7 16
7 22
7 25
7 27
7 28
7 33
7 35
7 39
7 51
7 55
7 70
7 73
7 74
7 83
7 91
7 94
7 95
8 7
8 15
8 20
8 22
8 24
8 28
8 33
8 48
8 56
8 71
8 72
8 74
8 77
8 78
8 81
8 82
8 84
8 99
9 0
9 14
9 17
9 22
9 29
9 30
9 31
9 35
9 37
9 41
9 43
9 47
9 51
9 55
9 57
9 60
9 64
9 68
9 72
9 75
9 83
9 91
9 92
9 93
10 2
10 3
10 8
10 12
10 16
10 17
10 18
10 22
10 28
10 30
10 32
10 37
10 38
10 46
10 51
10 55
10 64
10 75
10 82
10 87
10 90
10 97
10 98
11 0
11 1
11 5
11 6
11 9
11 10
11 14
11 15
11 16
11 31
11 32
11 38
11 43
11 44
11 66
11 68
11 80
11 91
11 99
12 1
12 3
12 8
12 11
12 15
12 16
12 23
12 36
12 42
12 46
12 47
12 51
12 62
12 63
12 80
12 90
12 97
13 6
13 8
13 16
13 19
13 26
13 29
13 38
13 49
13 53
13 64
13 73
13 76
13 80
13 88
13 92
13 94
13 95
13 96
13 97
14 3
14 5
14 6
14 7
14 8
14 9
14 17
14 18
14 20
14 27
14 28
14 37
14 49
14 51
14 64
14 71
14 85
14 87
14 92
14 94
15 2
15 5
15 17
15 19
15 20
15 22
15 25
15 28
15 40
15 41
15 49
15 54
15 56
15 59
15 75
15 88
15 91
16 7
16 11
16 15
16 17
16 24
16 29
16 31
16 35
16 37
16 51
16 52
16 63
16 70
16 72
16 86
16 90
17 6
17 16
17 24
17 25
17 29
17 35
17 43
17 52
17 55
17 56
17 60
17 76
17 88
17 92
17 95
17 99
18 5
18 6
18 9
18 10
18 23
18 25
18 26
18 30
18 35
18 40
18 42
18 43
18 54
18 61
18 62
18 72
18 82
18 84
18 85
18 88
18 97
19 5
19 11
19 17
19 26
19 27
19 46
19 47
19 51
19 59
19 61
19 62
19 67
19 71
19 79
19 81
19 85
20 7
20 10
20 11
20 16
20 20
20 26
20 29
20 31
20 33
20 39
20 41
20 46
20 48
20 63
20 67
20 69
20 75
20 80
20 82
20 87
20 89
21 2
21 14
21 15
21 16
21 28
21 41
21 43
21 44
21 48
21 51
21 56
21 60
21 63
21 68
21 87
21 88
21 92
21 94
21 99
22 9
22 10
22 17
22 19
22 30
22 34
22 44
22 56
22 57
22 58
22 60
22 61
22 62
22 63
22 65
22 85
22 96
22 97
23 0
23 5
23 12
23 21
23 28
23 32
23 34
23 40
23 41
23 42
23 46
23 49
23 51
23 53
23 58
23 59
23 60
23 69
23 70
23 71
23 72
23 97
23 98
23 99
24 5
24 10
24 28
24 30
24 36
24 37
24 38
24 49
24 53
24 58
24 59
24 64
24 70
24 80
24 82
24 87
24 88
24 93
25 0
25 8
25 13
25 14
25 18
25 24
25 26
25 29
25 35
25 36
25 42
25 45
25 46
25 48
25 63
25 65
25 82
25 87
25 88
25 89
25 90
25 97
26 1
26 5
26 8
26 14
26 18
26 31
26 35
26 46
26 55
26 56
26 70
26 83
26 84
26 85
26 97
27 0
27 1
27 2
27 5
27 6
27 8
27 15
27 18
27 22
27 24
27 29
27 33
27 39
27 41
27 58
27 60
27 67
27 78
27 82
27 84
27 95
28 10
28 18
28 29
28 30
28 31
28 37
28 42
28 45
28 46
28 62
28 79
28 82
28 90
28 92
28 97
28 98
29 1
29 8
29 14
29 15
29 24
29 27
29 29
29 34
29 40
29 55
29 66
29 77
29 79
29 80
29 84
29 85
29 95
29 96
30 7
30 11
30 16
30 21
30 28
30 30
30 31
30 40
30 43
30 45
30 48
30 66
30 69
30 76
30 87
30 92
31 7
31 13
31 22
31 23
31 32
31 42
31 52
31 57
31 58
31 61
31 63
31 75
31 78
31 79
31 85
31 88
31 93
32 3
32 5
32 14
32 16
32 26
32 29
32 32
32 34
32 53
32 54
32 62
32 65
32 76
32 82
32 91
32 92
33 7
33 10
33 28
33 31
33 38
33 45
33 47
33 63
33 66
33 71
33 83
33 87
34 0
34 3
34 4
34 6
34 8
34 10
34 19
34 24
34 31
34 46
34 48
34 71
34 75
34 77
34 79
34 87
34 94
35 4
35 30
35 31
35 39
35 46
35 50
35 52
35 59
35 64
35 75
35 79
35 83
35 86
35 90
35 93
35 96
35 98
36 1
36 16
36 17
36 18
36 23
36 28
36 41
36 43
36 44
36 47
36 49
36 52
36 62
36 66
36 67
36 68
36 77
36 78
36 80
36 87
36 90
36 91
37 0
37 1
37 7
37 10
37 15
37 22
37 25
37 27
37 31
37 35
37 36
37 37
37 39
37 45
37 56
37 58
37 60
37 69
37 73
37 78
37 83
37 86
37 87
37 95
37 98
38 1
38 8
38 20
38 22
38 38
38 41
38 60
38 73
38 76
38 78
38 82
38 84
38 87
38 94
39 0
39 1
39 2
39 4
39 5
39 10
39 21
39 27
39 32
39 34
39 40
39 48
39 55
39 60
39 61
39 63
39 66
39 68
39 80
39 83
39 85
39 86
39 90
40 3
40 8
40 9
40 10
40 11
40 19
40 23
40 34
40 36
40 56
40 62
40 63
40 67
40 72
40 78
40 86
40 93
40 97
41 0
41 4
41 10
41 27
41 36
41 38
41 39
41 47
41 53
41 61
41 68
41 72
41 82
41 87
41 88
41 91
41 96
42 4
42 7
42 14
42 26
42 34
42 36
42 38
42 40
42 42
42 43
42 53
42 56
42 59
42 72
42 73
42 82
42 87
42 89
42 91
42 95
43 3
43 5
43 6
43 12
43 19
43 20
43 33
43 37
43 39
43 44
43 46
43 49
43 50
43 56
43 62
43 67
43 77
43 89
43 98
44 10
44 13
44 30
44 31
44 35
44 46
44 48
44 49
44 55
44 58
44 86
44 91
45 3
45 14
45 18
45 22
45 29
45 30
45 32
45 33
45 37
45 39
45 40
45 43
45 44
45 49
45 62
45 66
45 67
45 78
45 87
46 3
46 11
46 13
46 15
46 18
46 27
46 28
46 29
46 30
46 45
46 46
46 57
46 58
46 61
46 69
46 70
46 71
46 72
46 74
46 75
46 79
46 89
46 95
46 98
47 0
47 4
47 7
47 11
47 23
47 38
47 40
47 41
47 42
47 52
47 58
47 59
47 73
47 75
47 76
47 81
47 82
47 94
47 98
48 5
48 7
48 9
48 10
48 12
48 15
48 20
48 25
48 27
48 28
48 37
48 39
48 46
48 49
48 50
48 59
48 62
48 66
48 68
48 73
48 82
48 85
48 86
48 89
48 91
48 97
48 98
49 2
49 4
49 18
49 23
49 29
49 33
49 47
49 48
49 56
49 61
49 64
49 67
49 69
49 71
49 75
49 88
49 90
49 95
50 0
50 2
50 8
50 10
50 18
50 24
50 25
50 31
50 36
50 42
50 44
50 49
50 51
50 52
50 54
50 55
50 61
50 70
50 75
50 81
50 92
50 93
50 96
51 1
51 2
51 3
51 10
51 32
51 37
51 38
51 44
51 47
51 57
51 64
51 69
51 75
51 76
51 97
51 98
52 2
52 6
52 8
52 25
52 27
52 30
52 34
52 41
52 48
52 51
52 53
52 58
52 59
52 61
52 62
52 63
52 67
52 68
52 74
52 75
52 80
52 81
52 93
52 96
53 4
53 7
53 13
53 14
53 19
53 25
53 36
53 39
53 50
53 52
53 54
53 58
53 66
53 71
53 76
53 79
53 81
53 85
53 88
53 89
53 91
54 12
54 20
54 21
54 22
54 30
54 31
54 37
54 38
54 41
54 48
54 51
54 53
54 69
54 70
54 72
54 78
54 99
55 11
55 27
55 31
55 32
55 40
55 43
55 44
55 49
55 52
55 58
55 61
55 62
55 64
55 76
55 78
55 82
55 84
55 86
55 93
55 95
55 96
55 98
56 2
56 3
56 17
56 30
56 38
56 45
56 49
56 53
56 64
56 71
56 72
56 77
56 79
56 84
57 0
57 1
57 3
57 8
57 9
57 25
57 28
57 29
57 33
57 43
57 44
57 46
57 60
57 61
57 65
57 66
57 67
57 70
57 76
57 78
57 79
57 83
57 94
57 97
57 98
58 3
58 5
58 12
58 20
58 46
58 48
58 52
58 63
58 76
58 81
58 89
59 6
59 10
59 12
59 13
59 16
59 18
59 19
59 26
59 27
59 36
59 37
59 39
59 46
59 58
59 61
59 62
59 65
59 73
59 75
59 77
59 79
59 82
59 85
59 88
59 90
59 96
59 97
59 98
60 3
60 19
60 23
60 27
60 39
60 42
60 45
60 49
60 83
60 89
60 91
60 94
60 98
61 8
61 17
61 21
61 29
61 38
61 41
61 43
61 49
61 57
61 59
61 60
61 62
61 69
61 70
61 71
61 72
61 76
61 79
61 91
62 4
62 5
62 10
62 22
62 25
62 27
62 29
62 30
62 32
62 45
62 56
62 75
62 81
62 84
62 90
62 93
62 99
63 2
63 4
63 5
63 15
63 16
63 17
63 20
63 38
63 39
63 40
63 46
63 50
63 51
63 54
63 67
63 80
63 83
63 86
63 88
63 92
64 8
64 12
64 13
64 14
64 21
64 26
64 40
64 46
64 51
64 57
64 76
64 78
64 89
64 91
64 95
64 97
64 98
65 2
65 7
65 10
65 20
65 26
65 27
65 31
65 33
65 39
65 45
65 51
65 52
65 53
65 54
65 57
65 71
65 72
65 74
65 76
65 81
65 84
65 93
66 1
66 5
66 9
66 14
66 19
66 21
66 32
66 40
66 43
66 52
66 56
66 61
66 65
66 69
66 70
66 72
66 79
66 82
66 88
66 95
67 5
67 6
67 9
67 20
67 32
67 41
67 46
67 53
67 57
67 65
67 76
67 92
67 95
67 99
68 2
68 6
68 7
68 11
68 12
68 16
68 17
68 18
68 21
68 30
68 33
68 39
68 45
68 53
68 55
68 56
68 60
68 62
68 72
68 74
68 80
68 82
68 86
68 87
68 91
68 97
69 5
69 7
69 11
69 16
69 21
69 22
69 36
69 37
69 44
69 45
69 50
69 53
69 55
69 58
69 61
69 63
69 66
69 79
69 80
69 87
69 94
69 95
70 2
70 3
70 10
70 16
70 18
70 28
70 30
70 32
70 40
70 42
70 46
70 53
70 58
70 62
70 70
70 72
70 74
70 75
70 82
70 87
70 91
71 1
71 8
71 11
71 12
71 13
71 17
71 23
71 30
71 31
71 35
71 37
71 38
71 57
71 63
71 64
71 65
71 66
71 67
71 78
71 80
71 89
71 98
71 99
72 0
72 5
72 10
72 14
72 15
72 20
72 26
72 27
72 33
72 47
72 51
72 53
72 57
72 62
72 65
72 66
72 70
72 92
72 95
72 96
73 0
73 6
73 14
73 24
73 36
73 38
73 40
73 43
73 47
73 55
73 59
73 76
73 78
74 1
74 6
74 8
74 10
74 12
74 13
74 14
74 16
74 26
74 28
74 29
74 37
74 41
74 42
74 43
74 47
74 61
74 63
74 64
74 67
74 75
74 79
74 80
74 84
74 87
75 1
75 3
75 4
75 24
75 38
75 40
75 44
75 46
75 50
75 57
75 58
75 69
75 78
75 80
75 82
75 85
75 92
75 99
76 2
76 3
76 10
76 14
76 16
76 25
76 32
76 33
76 35
76 48
76 53
76 56
76 58
76 64
76 67
76 69
76 78
76 90
76 93
76 98
77 1
77 14
77 18
77 20
77 23
77 36
77 40
77 43
77 45
77 49
77 51
77 62
77 65
77 68
77 70
77 75
77 78
77 84
77 85
77 92
77 93
78 2
78 11
78 12
78 17
78 26
78 27
78 29
78 30
78 31
78 47
78 49
78 57
78 62
78 64
78 66
78 67
78 69
78 72
78 74
78 78
78 86
78 90
78 93
78 97
79 0
79 6
79 9
79 17
79 24
79 25
79 27
79 34
79 42
79 46
79 65
79 69
79 70
79 81
79 96
79 99
80 3
80 4
80 5
80 6
80 9
80 12
80 15
80 32
80 38
80 51
80 60
80 61
80 64
80 65
80 76
80 77
80 86
80 96
81 1
81 4
81 10
81 19
81 25
81 37
81 40
81 54
81 55
81 59
81 61
81 62
81 65
81 74
81 89
81 95
81 97
82 6
82 11
82 14
82 17
82 33
82 42
82 51
82 54
82 60
82 64
82 79
82 91
82 93
82 99
83 1
83 12
83 14
83 18
83 19
83 24
83 27
83 36
83 43
83 48
83 60
83 61
83 67
83 78
83 82
83 83
83 87
83 88
83 92
83 93
84 3
84 8
84 9
84 10
84 17
84 19
84 25
84 28
84 31
84 32
84 34
84 49
84 52
84 54
84 74
84 75
84 77
84 79
84 87
84 90
84 94
84 96
84 99
85 3
85 5
85 10
85 15
85 16
85 17
85 19
85 28
85 36
85 43
85 45
85 51
85 56
85 57
85 58
85 59
85 66
85 76
85 79
85 87
85 89
85 92
86 0
86 11
86 12
86 16
86 18
86 21
86 45
86 46
86 47
86 58
86 63
86 65
86 73
86 80
86 82
86 84
86 87
86 88
87 6
87 7
87 11
87 26
87 27
87 39
87 41
87 47
87 52
87 54
87 63
87 65
87 66
87 74
87 77
87 86
87 89
87 91
87 92
87 94
88 0
88 6
88 12
88 18
88 29
88 30
88 38
88 41
88 44
88 46
88 50
88 52
88 54
88 61
88 64
88 67
88 68
88 75
88 79
88 80
88 82
88 83
88 86
88 87
88 92
89 2
89 10
89 13
89 17
89 23
89 26
89 27
89 31
89 36
89 47
89 49
89 54
89 58
89 66
89 68
89 84
89 89
89 90
89 96
89 99
90 5
90 14
90 21
90 28
90 47
90 48
90 49
90 58
90 61
90 62
90 80
90 84
90 89
90 92
90 96
90 99
91 0
91 1
91 6
91 8
91 17
91 24
91 27
91 28
91 32
91 34
91 39
91 40
91 62
91 74
91 80
91 82
91 88
92 3
92 6
92 8
92 10
92 20
92 21
92 30
92 40
92 41
92 48
92 50
92 51
92 56
92 62
92 65
92 68
92 78
92 86
92 92
93 0
93 7
93 10
93 15
93 27
93 41
93 48
93 49
93 53
93 54
93 68
93 75
93 78
93 94
93 96
94 9
94 32
94 36
94 44
94 48
94 52
94 59
94 63
94 65
94 68
94 70
94 72
94 76
94 78
94 80
94 88
94 91
94 92
94 99
95 0
95 1
95 7
95 8
95 16
95 20
95 23
95 29
95 30
95 31
95 48
95 50
95 64
95 74
95 83
95 99
96 6
96 24
96 26
96 28
96 35
96 38
96 45
96 51
96 59
96 61
96 71
96 75
96 86
96 88
96 89
96 98
97 8
97 10
97 13
97 18
97 26
97 40
97 44
97 46
97 49
97 51
97 56
97 57
97 58
97 67
97 83
97 84
97 86
97 96
98 7
98 8
98 12
98 27
98 44
98 56
98 63
98 66
98 75
98 76
98 84
98 87
98 89
98 94
99 2
99 7
99 9
99 39
99 45
99 50
99 60
99 62
99 68
99 85
99 87