100 100
200
0 3
0 4
0 7
0 25
0 34
0 35
0 37
0 49
0 68
0 70
0 74
0 75
0 76
0 78
0 80
0 84
0 86
0 87
0 88
0 91
0 94
0 97
1 7
1 18
1 19
1 27
1 31
1 37
1 39
1 44
1 48
1 51
1 60
1 63
1 69
1 71
1 75
1 83
1 88
1 89
1 91
1 94
2 11
2 25
2 57
2 61
2 65
2 67
2 69
2 82
2 93
2 94
3 9
3 20
3 30
3 32
3 33
3 46
3 64
3 67
3 71
3 72
3 74
3 75
3 76
3 81
3 82
3 85
3 87
4 1
4 10
4 11
4 12
4 15
4 22
4 30
4 36
4 38
4 39
4 45
4 52
4 53
4 54
4 59
4 65
4 72
4 82
4 87
4 91
4 99
5 1
5 3
5 6
5 8
5 17
5 23
5 39
5 42
5 46
5 53
5 64
5 73
5 79
5 89
5 93
5 94
6 6
6 17
6 24
6 28
6 35
6 37
6 50
6 51
6 55
6 70
6 72
6 82
6 84
6 86
6 90
6 91
6 98
7 2
7 6
7 11
7 15
7 19
7 36
7 41
7 46
7 47
7 49
7 63
7 71
7 73
7 78
7 88
7 91
7 98
8 3
8 6
8 10
8 15
8 16
8 19
8 20
8 24
8 32
8 41
8 44
8 47
8 48
8 52
8 59
8 60
8 62
8 65
8 68
8 73
8 76
8 78
8 79
8 81
8 89
8 90
9 1
9 22
9 35
9 36
9 38
9 41
9 46
9 49
9 64
9 73
9 76
9 84
9 85
9 88
9 90
10 0
10 19
10 21
10 24
10 35
10 38
10 43
10 51
10 53
10 59
10 61
10 67
10 72
10 73
10 80
10 81
10 82
10 86
11 4
11 8
11 10
11 16
11 18
11 25
11 44
11 46
11 52
11 53
11 59
11 64
11 66
11 68
11 69
11 71
11 84
11 88
11 91
11 92
11 95
11 96
11 99
12 9
12 12
12 17
12 19
12 23
12 24
12 25
12 27
12 30
12 31
12 36
12 39
12 41
12 44
12 46
12 47
12 58
12 59
12 61
12 68
12 73
12 79
12 84
12 86
12 91
12 98
12 99
13 3
13 5
13 8
13 10
13 12
13 14
13 18
13 25
13 33
13 34
13 38
13 41
13 46
13 49
13 53
13 55
13 56
13 59
13 62
13 66
13 69
13 75
13 83
13 85
13 86
13 87
14 0
14 1
14 4
14 7
14 9
14 24
14 26
14 29
14 30
14 31
14 38
14 40
14 52
14 55
14 57
14 62
14 69
14 70
14 74
14 82
14 83
14 86
14 95
15 2
15 4
15 5
15 8
15 10
15 14
15 23
15 27
15 38
15 40
15 43
15 48
15 54
15 59
15 61
15 70
15 85
15 86
15 88
15 96
15 98
15 99
16 0
16 10
16 16
16 22
16 30
16 31
16 33
16 35
16 43
16 55
16 69
16 76
16 80
16 81
16 85
16 86
16 89
17 2
17 4
17 7
17 11
17 14
17 16
17 20
17 29
17 30
17 31
17 44
17 60
17 73
17 79
17 80
17 81
17 84
17 86
17 87
17 88
17 95
17 96
18 1
18 2
18 5
18 6
18 10
18 13
18 15
18 23
18 27
18 29
18 34
18 35
18 44
18 45
18 54
18 60
18 61
18 64
18 68
18 69
18 76
18 78
18 88
18 91
18 92
18 93
19 5
19 10
19 11
19 12
19 19
19 36
19 38
19 49
19 51
19 71
19 74
19 82
19 86
19 96
20 3
20 4
20 6
20 18
20 24
20 27
20 41
20 46
20 47
20 48
20 54
20 58
20 69
20 80
20 85
20 86
20 88
20 92
20 94
21 4
21 6
21 14
21 15
21 19
21 25
21 26
21 28
21 31
21 35
21 36
21 37
21 41
21 47
21 59
21 63
21 75
21 82
21 85
21 88
21 89
21 93
21 97
21 99
22 12
22 13
22 16
22 25
22 26
22 39
22 42
22 61
22 64
22 65
22 72
22 73
22 74
22 80
22 94
22 96
23 0
23 5
23 8
23 14
23 19
23 20
23 24
23 34
23 36
23 38
23 44
23 45
23 46
23 47
23 48
23 51
23 60
23 63
23 69
23 71
23 74
23 75
23 84
23 85
24 0
24 4
24 6
24 9
24 12
24 14
24 18
24 34
24 40
24 47
24 48
24 50
24 52
24 57
24 62
24 65
24 69
24 71
24 72
24 73
24 79
24 83
24 85
24 92
24 94
24 95
24 99
25 0
25 7
25 9
25 12
25 31
25 32
25 33
25 34
25 36
25 38
25 46
25 48
25 49
25 50
25 54
25 55
25 56
25 57
25 60
25 63
25 64
25 76
25 78
25 82
25 87
25 88
25 96
26 6
26 18
26 23
26 42
26 49
26 52
26 55
26 64
26 67
26 71
26 72
26 81
26 86
26 94
27 3
27 19
27 42
27 49
27 59
27 64
27 66
27 67
27 68
27 77
27 79
27 80
27 83
27 85
27 88
27 89
27 96
27 97
27 99
28 17
28 18
28 19
28 22
28 27
28 29
28 35
28 38
28 39
28 41
28 46
28 48
28 49
28 53
28 55
28 63
28 65
28 67
28 68
28 78
28 86
28 88
29 0
29 2
29 10
29 11
29 12
29 13
29 15
29 23
29 32
29 35
29 39
29 40
29 41
29 43
29 49
29 51
29 52
29 57
29 59
29 61
29 64
29 66
29 69
29 71
29 73
29 77
29 78
29 81
29 82
29 91
29 96
30 2
30 5
30 12
30 24
30 25
30 39
30 42
30 52
30 62
30 63
30 71
30 77
30 80
30 93
31 12
31 13
31 29
31 30
31 31
31 41
31 43
31 44
31 45
31 52
31 55
31 63
31 75
31 76
31 77
31 83
31 85
31 87
31 90
31 91
31 92
31 99
32 0
32 5
32 11
32 17
32 19
32 20
32 35
32 38
32 47
32 50
32 51
32 52
32 55
32 57
32 60
32 71
32 74
32 75
32 76
32 83
32 95
33 0
33 4
33 8
33 13
33 14
33 19
33 23
33 25
33 40
33 45
33 46
33 49
33 62
33 69
33 70
33 74
33 78
33 82
33 88
33 93
33 98
34 2
34 6
34 12
34 13
34 14
34 29
34 32
34 34
34 36
34 41
34 50
34 52
34 54
34 65
34 66
34 69
34 84
34 86
35 0
35 10
35 11
35 26
35 51
35 56
35 78
35 79
35 81
35 83
35 85
35 94
35 98
36 4
36 7
36 8
36 17
36 18
36 19
36 23
36 26
36 31
36 38
36 39
36 41
36 43
36 49
36 52
36 59
36 62
36 66
36 71
36 78
36 79
36 80
36 94
36 95
37 1
37 15
37 16
37 19
37 23
37 25
37 31
37 38
37 55
37 56
37 59
37 69
37 71
37 81
37 90
37 93
38 16
38 17
38 25
38 35
38 51
38 59
38 70
38 72
38 73
38 76
38 79
38 84
38 85
38 87
38 88
38 90
38 91
38 92
38 96
38 97
39 1
39 12
39 34
39 38
39 47
39 55
39 60
39 67
39 68
39 69
39 81
39 82
39 84
39 94
39 95
39 98
39 99
40 4
40 8
40 17
40 19
40 20
40 21
40 22
40 36
40 40
40 60
40 62
40 67
40 76
40 91
40 92
40 96
41 1
41 2
41 3
41 7
41 14
41 15
41 17
41 33
41 38
41 48
41 49
41 55
41 77
41 84
41 86
41 89
42 7
42 11
42 15
42 17
42 21
42 28
42 33
42 39
42 41
42 42
42 44
42 46
42 48
42 53
42 56
42 66
42 68
42 75
42 77
42 82
42 88
42 90
42 92
42 94
43 0
43 2
43 4
43 5
43 6
43 8
43 14
43 16
43 26
43 29
43 30
43 31
43 36
43 42
43 43
43 64
43 69
43 76
43 77
43 79
43 81
44 6
44 9
44 22
44 31
44 34
44 36
44 39
44 40
44 44
44 58
44 59
44 61
44 64
44 68
44 79
44 94
44 97
45 1
45 3
45 7
45 9
45 11
45 12
45 13
45 17
45 18
45 21
45 24
45 27
45 31
45 42
45 51
45 53
45 54
45 65
45 68
45 71
45 72
45 74
45 75
45 77
45 80
45 88
46 1
46 2
46 12
46 24
46 27
46 32
46 35
46 36
46 50
46 53
46 62
46 66
46 85
46 86
46 87
47 3
47 8
47 16
47 18
47 19
47 22
47 24
47 33
47 38
47 41
47 42
47 43
47 46
47 55
47 56
47 57
47 61
47 63
47 66
47 68
47 83
47 85
47 89
47 92
47 93
48 5
48 8
48 17
48 23
48 26
48 28
48 29
48 30
48 31
48 34
48 49
48 50
48 51
48 57
48 64
48 66
48 72
48 77
48 81
48 83
48 85
48 86
48 94
49 3
49 9
49 11
49 18
49 24
49 29
49 36
49 43
49 45
49 47
49 51
49 56
49 59
49 65
49 67
49 71
49 75
49 76
49 80
49 81
49 82
49 83
49 84
49 88
49 90
49 93
50 6
50 12
50 21
50 24
50 25
50 28
50 34
50 36
50 38
50 46
50 47
50 50
50 51
50 55
50 56
50 58
50 59
50 60
50 65
50 66
50 76
50 90
50 95
51 6
51 9
51 13
51 21
51 23
51 24
51 27
51 28
51 40
51 44
51 48
51 50
51 52
51 54
51 60
51 64
51 66
51 70
51 71
51 74
51 76
51 77
51 80
51 91
51 94
52 16
52 25
52 29
52 34
52 35
52 37
52 40
52 41
52 42
52 46
52 53
52 55
52 68
52 73
52 78
52 82
52 84
52 89
52 94
52 96
53 0
53 5
53 18
53 20
53 27
53 31
53 32
53 35
53 36
53 41
53 48
53 60
53 64
53 67
53 78
53 79
53 82
53 86
53 87
53 96
54 4
54 5
54 8
54 13
54 14
54 15
54 16
54 17
54 21
54 22
54 26
54 31
54 37
54 42
54 47
54 52
54 56
54 57
54 68
54 73
54 78
54 84
54 90
54 91
54 93
55 2
55 5
55 14
55 24
55 31
55 36
55 38
55 43
55 51
55 55
55 66
55 69
55 70
55 71
55 72
55 77
55 79
55 86
55 93
55 95
55 98
56 0
56 1
56 6
56 10
56 13
56 16
56 17
56 24
56 26
56 30
56 33
56 34
56 35
56 36
56 46
56 48
56 50
56 54
56 70
56 73
56 76
56 83
56 85
56 86
56 95
56 99
57 0
57 7
57 11
57 17
57 19
57 26
57 30
57 37
57 44
57 45
57 48
57 52
57 53
57 67
57 81
57 85
57 90
57 98
58 2
58 5
58 8
58 14
58 18
58 23
58 25
58 40
58 45
58 47
58 51
58 53
58 62
58 68
58 71
58 74
58 75
58 76
58 78
58 86
58 88
59 2
59 5
59 12
59 15
59 29
59 32
59 40
59 48
59 50
59 51
59 54
59 58
59 61
59 66
59 77
59 79
59 82
59 88
59 92
59 95
59 99
60 2
60 4
60 24
60 27
60 30
60 41
60 42
60 43
60 44
60 50
60 71
60 84
60 89
60 99
61 1
61 4
61 12
61 14
61 25
61 26
61 27
61 32
61 36
61 42
61 45
61 62
61 77
61 79
61 80
61 96
61 98
61 99
62 17
62 18
62 42
62 43
62 44
62 47
62 52
62 53
62 55
62 58
62 70
62 75
62 80
62 87
62 88
62 97
63 0
63 1
63 6
63 22
63 43
63 46
63 49
63 50
63 53
63 62
63 63
63 70
63 74
63 84
63 88
63 93
63 95
64 3
64 4
64 8
64 9
64 11
64 12
64 18
64 20
64 27
64 31
64 38
64 42
64 50
64 67
64 80
64 85
64 87
65 1
65 4
65 8
65 13
65 22
65 25
65 31
65 33
65 37
65 39
65 44
65 60
65 61
65 66
65 67
65 78
65 92
65 96
65 99
66 3
66 7
66 10
66 11
66 14
66 20
66 25
66 27
66 28
66 31
66 35
66 38
66 39
66 48
66 53
66 59
66 75
66 81
66 89
66 90
66 96
66 97
67 1
67 6
67 13
67 18
67 20
67 21
67 25
67 26
67 28
67 33
67 35
67 46
67 47
67 55
67 62
67 70
67 71
67 73
67 77
67 78
67 84
67 86
67 89
67 93
68 1
68 3
68 10
68 12
68 25
68 26
68 32
68 37
68 39
68 42
68 43
68 44
68 47
68 48
68 50
68 51
68 54
68 59
68 66
68 70
68 73
68 80
68 84
68 89
68 91
68 95
68 98
68 99
69 2
69 9
69 10
69 11
69 14
69 16
69 21
69 22
69 30
69 35
69 37
69 58
69 59
69 60
69 66
69 67
69 70
69 71
69 73
69 83
69 92
70 17
70 26
70 54
70 55
70 57
70 59
70 61
70 64
70 66
70 67
70 68
70 69
70 75
70 78
70 79
70 80
70 82
70 89
71 8
71 17
71 19
71 24
71 29
71 41
71 54
71 55
71 65
71 72
71 75
71 80
71 86
71 93
72 0
72 2
72 17
72 18
72 23
72 25
72 34
72 45
72 46
72 51
72 56
72 57
72 69
72 70
72 76
72 78
72 97
73 0
73 7
73 8
73 12
73 20
73 22
73 25
73 27
73 29
73 39
73 40
73 48
73 51
73 58
73 63
73 66
73 73
73 78
73 85
73 98
73 99
74 10
74 16
74 19
74 22
74 33
74 34
74 36
74 40
74 43
74 44
74 50
74 52
74 65
74 66
74 67
74 81
74 82
74 83
74 86
74 93
74 98
75 5
75 9
75 20
75 27
75 35
75 44
75 47
75 50
75 54
75 59
75 61
75 62
75 63
75 64
75 67
75 71
75 79
75 80
75 83
75 84
75 87
75 90
76 0
76 2
76 5
76 10
76 23
76 28
76 34
76 38
76 42
76 46
76 53
76 77
76 90
77 7
77 11
77 14
77 17
77 20
77 32
77 43
77 50
77 51
77 53
77 67
77 75
77 76
77 89
78 7
78 9
78 12
78 18
78 19
78 34
78 35
78 41
78 42
78 48
78 51
78 55
78 57
78 66
78 80
78 82
78 84
78 86
78 87
78 98
79 4
79 12
79 33
79 37
79 53
79 59
79 61
79 68
79 77
79 79
79 85
79 90
79 96
79 99
80 0
80 7
80 8
80 16
80 18
80 22
80 34
80 41
80 46
80 52
80 62
80 63
80 65
80 66
80 70
80 72
80 78
80 82
80 88
80 91
81 3
81 18
81 20
81 24
81 35
81 39
81 42
81 49
81 50
81 54
81 63
81 72
81 74
81 90
81 95
81 99
82 12
82 14
82 15
82 16
82 19
82 20
82 22
82 24
82 40
82 44
82 50
82 58
82 65
82 76
82 78
82 79
82 81
82 83
82 91
82 94
82 96
83 0
83 12
83 14
83 16
83 17
83 20
83 32
83 37
83 41
83 48
83 53
83 57
83 63
83 71
83 76
83 81
83 85
83 92
83 94
84 3
84 4
84 12
84 19
84 28
84 29
84 37
84 52
84 57
84 58
84 59
84 62
84 76
84 77
84 80
84 83
84 90
84 94
85 1
85 2
85 4
85 7
85 15
85 22
85 25
85 32
85 38
85 40
85 46
85 47
85 69
85 70
85 77
85 81
85 83
85 88
85 90
85 99
86 12
86 13
86 24
86 32
86 36
86 37
86 38
86 45
86 46
86 54
86 62
86 69
86 75
86 78
86 79
86 81
86 82
86 84
86 85
86 87
87 2
87 4
87 13
87 19
87 21
87 31
87 32
87 34
87 35
87 37
87 41
87 43
87 47
87 48
87 49
87 50
87 51
87 60
87 62
87 72
87 78
87 81
87 82
87 83
87 84
87 90
87 94
87 95
88 2
88 4
88 7
88 17
88 21
88 25
88 32
88 33
88 35
88 38
88 44
88 53
88 55
88 57
88 58
88 62
88 65
88 68
88 72
88 79
88 84
88 85
88 87
88 89
88 90
88 93
88 95
89 1
89 6
89 16
89 19
89 25
89 32
89 35
89 37
89 45
89 60
89 69
89 73
89 81
89 82
89 84
89 86
89 87
89 94
89 95
90 4
90 9
90 10
90 19
90 22
90 24
90 25
90 29
90 42
90 43
90 44
90 55
90 58
90 65
90 66
90 67
90 69
90 74
90 76
90 86
90 89
90 92
90 99
91 6
91 7
91 8
91 23
91 26
91 33
91 36
91 43
91 51
91 53
91 62
91 69
91 73
91 79
91 86
91 97
92 3
92 6
92 9
92 11
92 16
92 21
92 22
92 23
92 24
92 27
92 35
92 47
92 49
92 52
92 57
92 59
92 66
92 82
92 88
93 2
93 8
93 11
93 21
93 22
93 23
93 24
93 26
93 31
93 38
93 72
93 74
93 95
94 5
94 7
94 18
94 19
94 25
94 27
94 28
94 30
94 32
94 37
94 39
94 50
94 56
94 66
94 70
94 72
94 77
94 80
94 81
94 83
94 84
94 86
94 87
94 88
94 89
94 90
94 92
94 93
95 14
95 19
95 21
95 24
95 25
95 35
95 51
95 54
95 55
95 58
95 61
95 67
95 72
95 82
95 86
95 90
95 94
95 98
96 0
96 1
96 8
96 13
96 23
96 27
96 38
96 39
96 40
96 48
96 60
96 74
96 77
96 78
96 84
96 85
96 87
96 92
96 99
97 1
97 3
97 15
97 16
97 23
97 26
97 33
97 44
97 61
97 66
97 68
97 79
97 80
97 83
97 90
97 91
97 98
98 7
98 15
98 21
98 27
98 32
98 40
98 41
98 50
98 61
98 63
98 69
98 73
98 85
98 92
98 93
98 95
99 5
99 6
99 15
99 18
99 22
99 25
99 35
99 36
99 43
99 47
99 52
99 54
99 57
99 58
99 66
99 70
99 73
99 78
99 85