100 100
200
0 1
0 10
0 14
0 21
0 25
0 31
0 39
0 41
0 45
0 52
0 62
0 66
0 79
0 80
0 82
0 83
0 93
0 94
0 98
1 0
1 4
1 7
1 8
1 15
1 16
1 20
1 22
1 39
1 40
1 43
1 49
1 50
1 61
1 64
1 69
1 76
1 79
1 81
1 82
1 84
1 88
1 92
2 1
2 5
2 11
2 14
2 24
2 32
2 33
2 52
2 53
2 54
2 55
2 59
2 62
2 64
2 74
2 75
2 78
2 82
2 90
2 92
2 97
3 0
3 4
3 6
3 9
3 15
3 17
3 18
3 25
3 30
3 39
3 44
3 45
3 46
3 53
3 63
3 72
3 76
3 77
3 88
3 96
4 4
4 6
4 7
4 13
4 24
4 25
4 29
4 31
4 33
4 36
4 38
4 40
4 41
4 42
4 48
4 58
4 59
4 63
4 68
4 69
4 72
4 79
4 85
4 89
5 0
5 14
5 16
5 17
5 18
5 24
5 26
5 28
5 33
5 53
5 55
5 56
5 59
5 71
5 72
5 83
5 86
5 95
6 1
6 2
6 4
6 12
6 25
6 44
6 46
6 49
6 54
6 61
6 66
6 67
6 68
6 71
6 79
6 88
6 94
7 3
7 5
7 13
7 15
7 21
7 40
7 42
7 46
7 49
7 55
7 56
7 59
7 80
7 82
7 84
7 85
7 93
7 96
7 99
8 2
8 7
8 17
8 28
8 34
8 35
8 36
8 42
8 44
8 50
8 56
8 57
8 63
8 67
8 71
8 89
8 94
8 99
9 5
9 13
9 24
9 27
9 31
9 33
9 35
9 36
9 41
9 42
9 44
9 52
9 58
9 66
9 71
9 72
9 78
9 84
9 86
9 92
9 96
9 99
10 1
10 12
10 19
10 22
10 24
10 36
10 38
10 56
10 70
10 77
10 79
10 83
10 86
10 89
10 96
11 6
11 8
11 13
11 14
11 21
11 28
11 34
11 35
11 36
11 38
11 39
11 43
11 47
11 52
11 58
11 59
11 63
11 71
11 75
11 82
11 83
11 92
11 93
11 97
11 99
12 4
12 5
12 6
12 7
12 12
12 16
12 17
12 22
12 25
12 27
12 32
12 36
12 37
12 45
12 55
12 62
12 63
12 64
12 75
12 76
12 77
12 79
12 85
12 86
12 89
12 93
12 94
13 1
13 12
13 14
13 15
13 16
13 27
13 52
13 55
13 57
13 67
13 68
13 69
13 74
13 78
13 80
13 83
13 89
13 92
13 99
14 0
14 5
14 8
14 9
14 17
14 18
14 19
14 22
14 27
14 30
14 31
14 40
14 41
14 42
14 49
14 52
14 56
14 58
14 62
14 63
14 70
14 75
14 76
14 77
14 80
14 83
14 85
14 90
14 91
15 0
15 7
15 11
15 28
15 36
15 38
15 44
15 45
15 47
15 48
15 55
15 59
15 62
15 66
15 68
15 70
15 76
15 78
15 81
15 90
15 91
15 93
15 94
15 97
15 99
16 5
16 8
16 21
16 29
16 34
16 35
16 39
16 42
16 44
16 49
16 69
16 75
16 81
16 82
16 85
16 87
16 90
16 94
17 0
17 8
17 10
17 11
17 14
17 17
17 20
17 31
17 50
17 51
17 54
17 58
17 61
17 69
17 73
17 88
17 90
17 93
17 98
17 99
18 1
18 3
18 17
18 18
18 34
18 37
18 40
18 46
18 50
18 51
18 63
18 73
18 78
18 80
18 93
18 99
19 0
19 1
19 2
19 4
19 13
19 19
19 25
19 29
19 34
19 35
19 36
19 38
19 40
19 48
19 53
19 64
19 65
19 69
19 72
19 84
19 87
19 90
19 91
19 93
19 99
20 6
20 7
20 8
20 12
20 22
20 40
20 55
20 56
20 65
20 66
20 70
20 74
20 90
20 93
20 95
20 98
21 6
21 12
21 13
21 19
21 34
21 39
21 45
21 49
21 50
21 53
21 54
21 61
21 62
21 67
21 72
21 76
21 79
21 80
21 98
22 12
22 13
22 16
22 17
22 19
22 25
22 30
22 33
22 37
22 42
22 49
22 55
22 59
22 60
22 69
22 73
22 77
22 78
22 84
22 88
22 89
22 97
23 7
23 10
23 12
23 15
23 18
23 23
23 26
23 28
23 29
23 39
23 60
23 72
23 76
23 80
23 87
23 94
23 95
24 12
24 18
24 19
24 22
24 25
24 30
24 31
24 32
24 33
24 34
24 36
24 40
24 42
24 44
24 47
24 53
24 65
24 75
24 76
24 77
24 79
24 83
24 87
24 92
25 2
25 5
25 9
25 10
25 13
25 14
25 16
25 24
25 32
25 35
25 48
25 63
25 74
25 75
25 76
25 79
25 81
25 82
25 85
25 87
25 95
25 96
25 97
26 6
26 12
26 13
26 15
26 22
26 35
26 37
26 46
26 51
26 54
26 59
26 74
26 82
26 86
27 3
27 4
27 5
27 7
27 17
27 20
27 26
27 48
27 57
27 60
27 65
27 86
27 94
27 96
27 99
28 12
28 17
28 21
28 22
28 41
28 44
28 50
28 55
28 59
28 70
28 77
28 80
28 81
28 90
28 91
28 92
28 96
28 97
28 98
29 1
29 5
29 6
29 7
29 24
29 29
29 32
29 33
29 39
29 52
29 57
29 59
29 60
29 66
29 71
29 79
29 89
29 93
29 94
30 1
30 4
30 5
30 8
30 12
30 15
30 18
30 39
30 40
30 41
30 46
30 51
30 52
30 56
30 57
30 65
30 76
30 94
31 4
31 7
31 13
31 20
31 23
31 26
31 41
31 42
31 45
31 48
31 70
31 72
31 73
31 78
31 79
31 80
31 85
31 88
31 90
31 99
32 2
32 14
32 17
32 19
32 25
32 41
32 43
32 46
32 49
32 60
32 64
32 67
32 70
32 71
32 72
32 76
32 85
32 90
32 91
32 93
32 94
32 96
33 2
33 5
33 9
33 10
33 11
33 14
33 23
33 25
33 33
33 35
33 54
33 58
33 61
33 70
33 72
33 73
33 77
33 87
33 94
33 97
33 98
33 99
34 12
34 16
34 19
34 22
34 25
34 34
34 43
34 45
34 55
34 56
34 58
34 60
34 62
34 68
34 70
34 85
34 88
34 89
34 92
34 93
34 94
35 4
35 16
35 18
35 21
35 22
35 31
35 35
35 39
35 46
35 53
35 56
35 69
35 71
35 72
35 75
35 87
35 88
35 92
36 0
36 1
36 9
36 10
36 12
36 19
36 27
36 33
36 36
36 40
36 42
36 45
36 54
36 64
36 66
36 67
36 83
36 85
36 90
36 92
36 97
37 0
37 3
37 8
37 11
37 14
37 18
37 30
37 32
37 35
37 37
37 38
37 42
37 45
37 48
37 50
37 60
37 68
37 74
37 87
37 91
37 93
37 96
37 99
38 2
38 6
38 15
38 20
38 23
38 30
38 31
38 44
38 48
38 51
38 60
38 61
38 66
38 68
38 74
38 76
38 78
38 82
38 85
38 87
38 89
38 93
39 5
39 9
39 10
39 15
39 24
39 28
39 30
39 33
39 34
39 51
39 52
39 53
39 59
39 63
39 75
39 76
39 77
39 78
39 81
39 82
39 88
39 90
39 92
40 15
40 20
40 23
40 29
40 31
40 32
40 34
40 39
40 40
40 61
40 62
40 65
40 75
40 80
40 81
40 92
40 94
41 2
41 4
41 6
41 41
41 46
41 48
41 51
41 57
41 58
41 59
41 63
41 67
41 68
41 71
41 72
41 73
41 89
42 4
42 5
42 10
42 11
42 13
42 20
42 32
42 35
42 38
42 48
42 54
42 77
42 78
42 82
42 92
42 95
43 19
43 22
43 24
43 29
43 30
43 37
43 39
43 49
43 56
43 65
43 68
43 69
43 75
43 80
43 81
43 82
43 86
43 91
43 94
43 98
44 0
44 2
44 6
44 19
44 20
44 22
44 25
44 32
44 33
44 37
44 39
44 48
44 50
44 51
44 55
44 59
44 64
44 73
44 81
44 88
44 92
44 93
44 97
44 98
45 8
45 11
45 13
45 16
45 21
45 29
45 33
45 40
45 45
45 59
45 60
45 64
45 70
45 75
45 78
45 85
45 93
46 0
46 5
46 12
46 30
46 33
46 35
46 40
46 44
46 45
46 52
46 53
46 62
46 65
46 67
46 68
46 70
46 72
46 77
46 81
46 83
46 86
46 92
46 96
47 0
47 7
47 10
47 15
47 16
47 23
47 41
47 42
47 44
47 51
47 58
47 59
47 64
47 67
47 70
47 79
47 90
48 0
48 3
48 12
48 13
48 26
48 27
48 33
48 47
48 72
48 73
48 80
48 82
48 83
49 4
49 7
49 9
49 11
49 19
49 25
49 26
49 31
49 33
49 38
49 44
49 52
49 57
49 59
49 64
49 65
49 66
49 88
49 93
49 96
50 9
50 21
50 27
50 32
50 44
50 55
50 59
50 64
50 65
50 70
50 73
50 79
50 83
50 84
50 86
50 94
50 98
51 0
51 2
51 4
51 6
51 18
51 19
51 24
51 27
51 33
51 36
51 45
51 57
51 63
52 6
52 17
52 20
52 21
52 28
52 32
52 35
52 37
52 44
52 49
52 57
52 59
52 66
52 72
52 73
52 77
52 78
52 82
52 83
52 85
52 87
52 99
53 4
53 5
53 6
53 8
53 10
53 15
53 16
53 20
53 21
53 24
53 30
53 48
53 53
53 57
53 58
53 66
53 68
53 81
53 82
53 97
53 98
54 3
54 5
54 9
54 13
54 16
54 17
54 21
54 22
54 23
54 24
54 25
54 47
54 56
54 58
54 60
54 67
54 75
54 88
54 97
55 3
55 4
55 5
55 19
55 26
55 28
55 31
55 32
55 33
55 36
55 41
55 59
55 62
55 67
55 68
55 71
55 77
55 84
55 90
55 91
55 98
55 99
56 4
56 6
56 11
56 26
56 29
56 36
56 40
56 41
56 42
56 46
56 47
56 60
56 66
56 73
56 77
56 83
56 85
56 88
56 97
56 99
57 5
57 10
57 11
57 12
57 18
57 20
57 23
57 25
57 33
57 34
57 46
57 63
57 72
57 75
57 78
57 87
57 96
58 4
58 5
58 10
58 15
58 16
58 18
58 29
58 30
58 38
58 45
58 54
58 59
58 64
58 65
58 75
58 82
58 86
58 93
58 94
59 2
59 4
59 5
59 6
59 7
59 15
59 19
59 33
59 43
59 52
59 61
59 66
59 71
59 82
60 2
60 7
60 10
60 19
60 33
60 35
60 39
60 42
60 47
60 50
60 54
60 70
60 77
60 85
60 88
60 98
61 7
61 12
61 15
61 19
61 21
61 22
61 29
61 30
61 37
61 42
61 43
61 47
61 56
61 68
61 69
61 79
61 87
61 92
61 93
61 96
61 98
61 99
62 6
62 7
62 10
62 11
62 14
62 19
62 23
62 37
62 38
62 47
62 50
62 55
62 59
62 65
62 80
62 81
62 82
62 93
63 1
63 2
63 3
63 8
63 16
63 20
63 22
63 30
63 35
63 49
63 57
63 59
63 63
63 65
63 71
63 79
63 84
63 93
63 94
63 97
64 2
64 4
64 7
64 9
64 10
64 20
64 23
64 29
64 31
64 37
64 50
64 51
64 56
64 57
64 65
64 73
64 78
64 85
64 90
64 93
64 94
64 95
64 96
64 98
65 15
65 24
65 29
65 34
65 36
65 69
65 78
65 88
65 91
65 95
66 0
66 6
66 8
66 11
66 12
66 25
66 27
66 29
66 37
66 43
66 49
66 52
66 58
66 59
66 62
66 63
66 69
66 71
66 77
66 86
66 88
66 89
66 90
66 91
66 95
67 1
67 4
67 13
67 21
67 22
67 29
67 32
67 34
67 36
67 37
67 38
67 46
67 82
67 86
67 90
67 91
68 0
68 4
68 8
68 10
68 15
68 17
68 21
68 24
68 30
68 36
68 40
68 46
68 49
68 56
68 60
68 72
68 74
69 5
69 6
69 12
69 16
69 27
69 40
69 49
69 56
69 61
69 67
69 82
69 83
69 86
69 87
69 93
69 96
69 98
69 99
70 11
70 14
70 15
70 22
70 25
70 28
70 29
70 37
70 72
70 79
70 83
70 86
70 88
70 90
70 99
71 0
71 1
71 5
71 6
71 10
71 13
71 19
71 24
71 34
71 41
71 42
71 44
71 50
71 52
71 53
71 55
71 58
71 75
71 87
71 88
71 92
72 2
72 12
72 13
72 14
72 20
72 22
72 45
72 47
72 49
72 55
72 67
72 85
72 92
72 93
72 94
72 95
72 96
72 97
73 14
73 22
73 27
73 28
73 31
73 34
73 35
73 41
73 45
73 64
73 67
73 71
73 72
73 73
73 79
73 80
73 81
73 88
73 94
73 98
74 5
74 10
74 12
74 15
74 18
74 19
74 20
74 22
74 26
74 52
74 54
74 72
74 75
74 82
74 83
74 92
74 94
74 97
75 0
75 2
75 4
75 5
75 10
75 15
75 17
75 33
75 34
75 35
75 48
75 51
75 52
75 57
75 58
75 68
75 79
75 82
75 85
75 97
75 98
76 4
76 5
76 12
76 19
76 24
76 33
76 37
76 48
76 58
76 64
76 72
76 83
76 84
76 92
77 3
77 4
77 5
77 12
77 14
77 23
77 24
77 30
77 37
77 41
77 47
77 50
77 51
77 52
77 54
77 56
77 60
77 61
77 78
77 80
77 82
77 91
77 94
77 95
78 2
78 4
78 5
78 7
78 18
78 24
78 26
78 30
78 32
78 33
78 34
78 35
78 38
78 39
78 40
78 43
78 48
78 54
78 57
78 65
78 69
78 71
78 96
79 14
79 18
79 21
79 24
79 31
79 42
79 49
79 54
79 59
79 69
79 72
79 76
79 79
79 83
79 85
79 91
79 94
79 97
79 99
80 0
80 2
80 3
80 8
80 22
80 29
80 30
80 31
80 35
80 36
80 40
80 41
80 47
80 48
80 55
80 59
80 61
80 63
80 65
80 66
80 74
80 77
80 86
80 98
80 99
81 2
81 19
81 32
81 38
81 40
81 41
81 46
81 59
81 60
81 61
81 64
81 76
81 82
81 86
81 99
82 7
82 8
82 10
82 13
82 23
82 25
82 26
82 37
82 39
82 42
82 49
82 53
82 55
82 59
82 62
82 67
82 70
82 74
82 75
82 81
82 92
82 93
82 98
82 99
83 2
83 4
83 5
83 6
83 16
83 20
83 24
83 25
83 33
83 40
83 42
83 43
83 46
83 48
83 52
83 53
83 59
83 61
83 65
83 66
83 68
83 69
83 75
83 89
83 98
84 0
84 4
84 17
84 19
84 24
84 25
84 32
84 40
84 60
84 61
84 62
84 66
84 79
84 80
84 82
84 85
84 86
84 89
84 97
84 98
85 0
85 7
85 16
85 24
85 38
85 46
85 49
85 57
85 62
85 75
85 76
85 82
85 84
85 93
85 99
86 31
86 36
86 53
86 57
86 60
86 64
86 73
86 74
86 75
86 92
86 95
86 96
87 5
87 6
87 9
87 15
87 18
87 24
87 55
87 62
87 69
87 73
87 74
87 81
87 88
87 92
87 93
87 96
88 1
88 5
88 16
88 25
88 30
88 34
88 36
88 37
88 40
88 46
88 47
88 49
88 54
88 56
88 58
88 70
88 71
88 79
88 80
88 95
88 96
89 10
89 11
89 17
89 18
89 22
89 23
89 32
89 36
89 37
89 42
89 47
89 48
89 61
89 65
89 68
89 71
89 82
89 83
89 86
89 88
89 94
89 97
90 3
90 4
90 5
90 6
90 18
90 21
90 22
90 23
90 41
90 42
90 43
90 61
90 66
90 69
90 70
90 76
90 85
90 89
90 90
90 94
90 96
90 97
91 3
91 7
91 13
91 14
91 21
91 25
91 26
91 27
91 29
91 34
91 35
91 46
91 49
91 52
91 57
91 69
91 74
91 83
91 84
91 85
91 87
91 93
91 95
91 96
91 98
92 0
92 3
92 7
92 11
92 18
92 28
92 49
92 52
92 57
92 58
92 67
92 71
92 72
92 74
92 75
92 77
92 85
92 88
93 3
93 7
93 17
93 25
93 29
93 35
93 40
93 43
93 46
93 48
93 62
93 67
93 70
93 77
93 79
93 83
93 84
93 93
93 96
93 99
94 7
94 8
94 12
94 25
94 26
94 30
94 36
94 40
94 43
94 47
94 61
94 62
94 63
94 73
95 1
95 5
95 9
95 13
95 20
95 27
95 30
95 36
95 40
95 50
95 51
95 53
95 57
95 60
95 62
95 63
95 67
95 78
95 92
95 99
96 7
96 19
96 22
96 26
96 28
96 37
96 40
96 53
96 54
96 58
96 59
96 60
96 77
96 80
96 86
96 87
96 89
96 91
96 99
97 2
97 3
97 6
97 13
97 14
97 16
97 30
97 36
97 45
97 48
97 54
97 65
97 73
97 90
97 97
98 9
98 12
98 31
98 42
98 45
98 48
98 56
98 57
98 66
98 67
98 74
98 88
99 10
99 15
99 16
99 26
99 38
99 39
99 43
99 44
99 53
99 65
99 69
99 74
99 78
99 86
99 89
99 90
99 91
99 93
99 97