100 100
200
0 2
0 10
0 14
0 17
0 19
0 22
0 24
0 31
0 54
0 58
0 67
0 68
0 76
0 78
0 82
0 83
0 84
0 88
0 93
0 94
0 95
0 96
0 98
1 5
1 7
1 12
1 14
1 17
1 23
1 25
1 26
1 27
1 34
1 36
1 37
1 48
1 53
1 62
1 64
1 78
1 79
1 86
1 89
1 94
1 99
2 1
2 7
2 16
2 18
2 20
2 33
2 40
2 42
2 43
2 46
2 47
2 48
2 50
2 52
2 53
2 59
2 60
2 68
2 69
2 86
2 87
2 88
2 92
2 96
3 2
3 9
3 18
3 20
3 24
3 25
3 27
3 31
3 35
3 38
3 40
3 52
3 53
3 57
3 70
3 76
3 85
3 90
3 91
3 96
4 0
4 12
4 26
4 27
4 29
4 30
4 47
4 48
4 50
4 57
4 59
4 60
4 66
4 72
4 79
4 86
4 91
4 94
4 99
5 1
5 7
5 15
5 18
5 23
5 30
5 34
5 40
5 47
5 49
5 52
5 53
5 56
5 62
5 68
5 69
5 70
5 73
5 74
5 86
6 6
6 14
6 29
6 30
6 38
6 40
6 62
6 69
6 72
6 73
6 78
6 83
6 86
6 89
6 90
7 7
7 15
7 28
7 34
7 39
7 41
7 52
7 56
7 59
7 60
7 63
7 65
7 75
7 77
7 82
7 93
7 94
7 95
8 1
8 5
8 10
8 11
8 16
8 29
8 30
8 46
8 47
8 48
8 49
8 57
8 63
8 73
8 79
8 82
8 92
8 98
9 0
9 8
9 19
9 37
9 40
9 43
9 48
9 50
9 52
9 53
9 55
9 68
9 71
9 77
9 78
9 82
9 87
9 91
9 92
9 97
9 99
10 6
10 10
10 12
10 14
10 17
10 18
10 36
10 41
10 42
10 46
10 48
10 54
10 63
10 68
10 73
10 75
10 90
10 96
10 97
11 1
11 4
11 8
11 13
11 14
11 25
11 31
11 36
11 37
11 50
11 51
11 53
11 74
11 77
11 84
11 85
11 86
11 88
11 89
12 1
12 2
12 8
12 15
12 16
12 20
12 21
12 22
12 25
12 26
12 30
12 32
12 34
12 40
12 43
12 45
12 49
12 64
12 75
12 76
12 77
12 80
12 81
12 82
12 86
12 87
12 89
13 3
13 5
13 7
13 10
13 11
13 12
13 16
13 17
13 20
13 26
13 35
13 38
13 53
13 55
13 65
13 67
13 71
13 85
13 98
14 0
14 1
14 8
14 22
14 33
14 40
14 42
14 46
14 51
14 56
14 57
14 67
14 74
14 81
14 82
14 85
14 93
14 98
15 3
15 19
15 26
15 34
15 36
15 37
15 38
15 44
15 47
15 48
15 50
15 55
15 56
15 65
15 66
15 69
15 70
15 71
15 79
15 80
15 85
15 88
15 91
15 99
16 0
16 12
16 17
16 18
16 28
16 32
16 37
16 40
16 41
16 51
16 55
16 67
16 70
16 71
16 75
16 78
16 79
16 83
16 95
17 4
17 6
17 11
17 17
17 19
17 26
17 38
17 43
17 51
17 58
17 60
17 73
17 74
17 83
17 85
17 88
17 96
17 98
18 0
18 1
18 10
18 15
18 42
18 50
18 52
18 62
18 68
18 70
18 71
18 75
18 77
18 79
18 83
18 85
18 90
18 93
19 0
19 1
19 2
19 6
19 8
19 17
19 20
19 23
19 27
19 28
19 30
19 31
19 32
19 37
19 38
19 41
19 48
19 51
19 54
19 62
19 66
19 67
19 71
19 74
19 75
19 76
19 77
19 89
19 93
19 98
19 99
20 4
20 5
20 8
20 15
20 19
20 23
20 32
20 38
20 44
20 49
20 69
20 74
20 76
20 78
20 79
20 80
20 83
20 95
20 96
20 97
20 98
21 22
21 25
21 27
21 39
21 40
21 41
21 42
21 49
21 53
21 67
21 68
21 74
21 86
21 93
21 95
21 98
21 99
22 0
22 7
22 13
22 14
22 16
22 22
22 37
22 38
22 40
22 42
22 45
22 47
22 50
22 53
22 72
22 75
22 81
22 88
22 89
22 91
22 96
22 97
22 98
23 12
23 16
23 22
23 23
23 27
23 40
23 44
23 47
23 48
23 53
23 57
23 69
23 71
23 77
23 81
23 82
23 85
24 3
24 10
24 18
24 31
24 32
24 33
24 34
24 47
24 48
24 50
24 59
24 64
24 77
24 81
24 83
24 88
24 91
24 93
24 97
25 1
25 6
25 16
25 19
25 26
25 27
25 45
25 50
25 52
25 53
25 69
25 71
25 77
25 81
25 88
25 94
25 98
26 1
26 7
26 11
26 21
26 30
26 48
26 51
26 56
26 60
26 61
26 62
26 66
26 67
26 68
26 70
26 74
26 85
26 91
27 1
27 4
27 10
27 21
27 30
27 33
27 36
27 43
27 46
27 52
27 54
27 55
27 59
27 62
27 65
27 66
27 71
27 82
27 93
27 94
28 3
28 4
28 6
28 8
28 10
28 11
28 23
28 27
28 28
28 29
28 39
28 43
28 44
28 45
28 46
28 49
28 50
28 67
28 71
28 77
28 80
28 82
28 94
28 95
29 13
29 15
29 21
29 26
29 30
29 42
29 44
29 45
29 48
29 49
29 52
29 56
29 58
29 65
29 71
29 73
29 74
29 75
29 76
29 78
29 80
29 85
29 86
30 3
30 6
30 8
30 10
30 12
30 21
30 22
30 23
30 33
30 34
30 37
30 39
30 40
30 58
30 64
30 66
30 67
30 71
30 73
30 79
30 80
30 81
30 84
30 94
30 96
31 0
31 5
31 7
31 12
31 17
31 18
31 20
31 29
31 36
31 45
31 49
31 55
31 63
31 67
31 68
31 76
31 78
31 80
31 82
31 83
31 91
31 92
31 95
32 4
32 5
32 8
32 12
32 22
32 32
32 38
32 41
32 44
32 46
32 63
32 66
32 70
32 72
32 75
32 79
32 90
32 95
33 0
33 8
33 10
33 18
33 20
33 24
33 29
33 31
33 35
33 36
33 40
33 42
33 43
33 45
33 47
33 56
33 59
33 66
33 67
33 72
33 87
33 95
33 96
34 7
34 10
34 14
34 15
34 21
34 23
34 25
34 30
34 33
34 42
34 43
34 50
34 54
34 61
34 65
34 73
34 76
34 83
34 84
34 88
34 93
34 94
34 98
35 1
35 5
35 12
35 15
35 26
35 30
35 32
35 39
35 43
35 45
35 58
35 63
35 65
35 70
35 75
35 78
35 81
35 84
35 89
35 99
36 19
36 31
36 35
36 52
36 65
36 75
36 82
36 85
36 87
36 94
36 96
37 16
37 17
37 20
37 24
37 25
37 30
37 32
37 35
37 38
37 39
37 44
37 46
37 56
37 62
37 63
37 71
37 78
37 83
37 84
37 86
37 87
37 88
37 90
37 93
37 95
37 99
38 4
38 5
38 8
38 10
38 11
38 12
38 15
38 18
38 24
38 28
38 29
38 30
38 32
38 34
38 38
38 56
38 77
38 88
38 90
38 96
38 99
39 1
39 9
39 10
39 19
39 20
39 23
39 26
39 58
39 62
39 71
39 72
39 76
39 87
39 90
39 94
39 99
40 10
40 11
40 14
40 18
40 21
40 25
40 29
40 31
40 37
40 41
40 45
40 46
40 50
40 51
40 55
40 57
40 59
40 64
40 66
40 73
40 78
40 80
40 91
41 4
41 6
41 7
41 22
41 27
41 35
41 38
41 46
41 47
41 51
41 53
41 54
41 63
41 68
41 69
41 72
41 81
41 98
42 16
42 17
42 18
42 19
42 23
42 28
42 34
42 39
42 40
42 42
42 58
42 65
42 73
42 75
42 83
42 84
42 98
43 0
43 6
43 7
43 13
43 28
43 40
43 43
43 45
43 49
43 53
43 56
43 63
43 64
43 70
43 73
43 75
43 80
43 89
43 91
43 99
44 0
44 4
44 6
44 9
44 29
44 36
44 49
44 50
44 53
44 59
44 60
44 64
44 81
44 82
44 87
44 98
44 99
45 6
45 7
45 13
45 16
45 24
45 28
45 35
45 45
45 50
45 51
45 56
45 60
45 73
45 75
45 81
45 86
45 87
45 89
45 90
45 93
46 3
46 7
46 9
46 11
46 30
46 32
46 34
46 39
46 45
46 48
46 57
46 58
46 62
46 63
46 77
46 87
47 0
47 2
47 5
47 7
47 14
47 18
47 19
47 28
47 31
47 35
47 37
47 40
47 45
47 61
47 64
47 69
47 76
47 79
47 81
47 89
47 98
48 0
48 5
48 14
48 18
48 19
48 26
48 27
48 28
48 36
48 47
48 67
48 70
48 79
48 82
48 86
48 99
49 2
49 4
49 7
49 14
49 23
49 28
49 38
49 44
49 47
49 53
49 61
49 68
49 76
49 78
49 79
49 82
49 85
50 5
50 9
50 22
50 28
50 33
50 40
50 43
50 44
50 45
50 53
50 60
50 66
50 70
50 72
50 73
50 75
50 76
50 83
50 84
50 88
50 89
50 90
50 92
50 95
51 2
51 4
51 5
51 6
51 7
51 10
51 15
51 18
51 24
51 40
51 52
51 55
51 57
51 61
51 63
51 64
51 65
51 67
51 72
51 73
51 77
51 85
51 87
51 93
51 94
51 95
52 1
52 6
52 7
52 8
52 9
52 11
52 17
52 20
52 21
52 29
52 32
52 34
52 54
52 56
52 69
52 73
52 74
52 76
52 81
52 87
52 90
52 93
53 0
53 5
53 7
53 11
53 14
53 18
53 19
53 22
53 31
53 34
53 48
53 49
53 50
53 52
53 57
53 63
53 65
53 66
53 74
53 77
53 81
53 83
53 94
53 96
53 97
54 6
54 22
54 26
54 32
54 35
54 42
54 43
54 49
54 56
54 61
54 68
54 71
54 72
54 76
54 78
54 96
55 9
55 11
55 14
55 27
55 38
55 39
55 41
55 43
55 51
55 52
55 57
55 60
55 65
55 66
55 70
55 78
55 79
55 87
56 15
56 17
56 20
56 23
56 25
56 27
56 34
56 38
56 47
56 53
56 55
56 62
56 64
56 77
56 88
56 89
56 90
56 96
57 1
57 5
57 12
57 13
57 16
57 18
57 23
57 27
57 30
57 33
57 36
57 39
57 44
57 47
57 52
57 59
57 72
57 73
57 81
57 87
57 89
57 90
57 91
58 5
58 9
58 10
58 11
58 13
58 21
58 25
58 26
58 36
58 39
58 45
58 49
58 52
58 60
58 65
58 68
58 72
58 79
58 81
58 82
58 85
58 96
59 3
59 7
59 11
59 24
59 30
59 32
59 34
59 46
59 49
59 52
59 68
59 75
59 92
60 3
60 5
60 11
60 20
60 27
60 31
60 32
60 34
60 36
60 40
60 44
60 61
60 62
60 63
60 67
60 68
60 70
60 73
60 75
60 76
60 93
60 95
60 97
61 25
61 26
61 27
61 28
61 33
61 35
61 53
61 60
61 63
61 68
61 73
61 78
61 81
61 83
61 87
61 91
61 97
61 98
62 3
62 7
62 17
62 24
62 26
62 28
62 31
62 34
62 39
62 42
62 47
62 57
62 65
62 72
62 92
62 98
63 3
63 4
63 6
63 16
63 23
63 24
63 27
63 39
63 46
63 57
63 62
63 64
63 71
63 77
63 79
63 84
63 92
63 94
64 1
64 15
64 19
64 25
64 27
64 30
64 42
64 45
64 56
64 62
64 68
64 71
64 73
64 95
64 96
64 99
65 8
65 15
65 17
65 24
65 28
65 32
65 33
65 35
65 42
65 46
65 55
65 71
65 73
65 77
65 79
65 93
65 95
66 1
66 4
66 7
66 14
66 19
66 26
66 34
66 39
66 41
66 50
66 55
66 56
66 59
66 66
66 68
66 75
66 77
66 80
66 88
66 95
66 96
66 97
66 98
67 2
67 16
67 17
67 31
67 79
67 80
67 87
68 0
68 6
68 16
68 21
68 23
68 24
68 26
68 32
68 53
68 54
68 61
68 67
68 71
68 78
68 80
68 81
68 90
68 93
68 98
69 0
69 6
69 8
69 12
69 17
69 22
69 35
69 36
69 39
69 53
69 55
69 57
69 65
69 73
69 75
69 81
69 83
69 90
69 99
70 4
70 11
70 13
70 18
70 19
70 22
70 28
70 29
70 38
70 44
70 45
70 50
70 53
70 55
70 60
70 62
70 66
70 77
70 89
70 90
70 91
71 6
71 10
71 19
71 20
71 21
71 27
71 36
71 39
71 41
71 43
71 64
71 65
71 66
71 68
71 72
71 78
71 83
71 96
72 4
72 5
72 8
72 15
72 21
72 26
72 31
72 36
72 47
72 48
72 50
72 59
72 65
72 67
72 71
72 74
72 82
73 2
73 7
73 10
73 11
73 12
73 14
73 16
73 19
73 24
73 31
73 35
73 41
73 42
73 59
73 62
73 64
73 65
73 73
73 77
73 83
73 85
73 88
73 91
74 4
74 8
74 11
74 16
74 18
74 19
74 26
74 32
74 42
74 46
74 49
74 52
74 56
74 71
74 77
74 90
74 91
74 96
75 1
75 4
75 7
75 17
75 19
75 31
75 40
75 42
75 43
75 46
75 51
75 55
75 56
75 58
75 60
75 62
75 79
75 80
75 85
75 96
75 97
76 2
76 7
76 15
76 22
76 33
76 34
76 35
76 38
76 44
76 53
76 62
76 71
76 78
76 86
76 90
76 94
76 98
77 1
77 4
77 8
77 21
77 26
77 37
77 43
77 44
77 59
77 71
77 73
77 78
77 85
77 87
77 89
77 93
78 0
78 1
78 5
78 6
78 8
78 10
78 24
78 37
78 42
78 44
78 45
78 51
78 52
78 59
78 64
78 74
78 78
78 79
78 86
78 87
78 91
78 94
78 95
79 0
79 12
79 15
79 19
79 20
79 25
79 26
79 30
79 31
79 36
79 37
79 41
79 46
79 66
79 76
79 80
79 81
79 88
79 89
79 98
80 3
80 4
80 7
80 9
80 13
80 14
80 22
80 27
80 29
80 35
80 36
80 50
80 61
80 67
80 72
80 73
80 75
80 82
81 3
81 8
81 36
81 38
81 40
81 41
81 43
81 51
81 58
81 66
81 73
81 75
81 76
81 90
82 2
82 9
82 11
82 16
82 22
82 59
82 61
82 70
82 87
82 95
83 2
83 9
83 11
83 14
83 15
83 17
83 20
83 26
83 32
83 35
83 36
83 42
83 47
83 48
83 52
83 63
83 81
83 82
83 87
83 89
83 92
83 93
83 94
84 3
84 7
84 14
84 19
84 20
84 26
84 45
84 47
84 51
84 52
84 59
84 60
84 64
84 65
84 83
84 88
84 92
85 0
85 1
85 3
85 7
85 8
85 23
85 27
85 36
85 39
85 47
85 49
85 53
85 59
85 61
85 76
85 77
85 89
85 92
85 95
85 96
86 0
86 19
86 21
86 23
86 31
86 32
86 34
86 36
86 37
86 46
86 53
86 56
86 63
86 71
86 72
86 77
86 82
86 85
86 87
86 97
86 99
87 5
87 11
87 15
87 18
87 19
87 23
87 24
87 26
87 28
87 30
87 35
87 36
87 38
87 39
87 61
87 65
87 66
87 83
87 84
87 85
87 89
87 94
87 95
87 98
88 1
88 10
88 19
88 23
88 31
88 34
88 35
88 36
88 42
88 61
88 66
88 72
88 76
88 80
88 82
88 86
88 89
88 92
88 93
88 94
88 98
88 99
89 7
89 20
89 27
89 29
89 30
89 34
89 43
89 45
89 46
89 50
89 51
89 58
89 59
89 65
89 71
89 76
89 84
89 85
89 96
90 0
90 2
90 4
90 9
90 12
90 14
90 17
90 23
90 24
90 26
90 31
90 32
90 48
90 49
90 50
90 61
90 67
90 69
90 89
90 92
90 94
90 95
91 0
91 5
91 12
91 26
91 29
91 36
91 41
91 44
91 45
91 46
91 48
91 59
91 63
91 70
91 71
91 84
91 93
91 94
91 97
91 98
92 3
92 21
92 23
92 29
92 33
92 36
92 37
92 41
92 43
92 54
92 55
92 59
92 63
92 71
92 72
92 74
92 75
92 78
92 79
92 80
92 81
92 90
92 95
92 99
93 6
93 9
93 15
93 28
93 31
93 32
93 33
93 48
93 49
93 61
93 67
93 77
93 78
93 87
93 88
93 89
93 92
93 93
94 3
94 8
94 9
94 11
94 12
94 13
94 19
94 31
94 38
94 40
94 47
94 54
94 66
94 78
94 82
94 92
95 3
95 4
95 10
95 12
95 13
95 27
95 38
95 39
95 49
95 64
95 87
95 92
96 15
96 19
96 36
96 46
96 54
96 59
96 62
96 64
96 72
96 78
96 80
96 82
96 90
97 0
97 2
97 5
97 7
97 10
97 15
97 27
97 36
97 40
97 45
97 47
97 52
97 53
97 56
97 60
97 62
97 64
97 67
97 71
97 74
97 78
97 82
97 85
97 89
97 91
97 92
97 94
97 97
98 7
98 8
98 10
98 26
98 27
98 31
98 34
98 35
98 41
98 48
98 49
98 54
98 59
98 63
98 67
98 72
98 78
98 89
98 96
99 2
99 8
99 9
99 15
99 24
99 27
99 28
99 32
99 35
99 36
99 40
99 45
99 46
99 59
99 61
99 62
99 68
99 77
99 83
99 89
99 94